789 625 639 592 9 83 396 65 
149 900 989 302 161 765 112 593 
47 28 876 443 715 631 959 951 
86 12 222 346 634 729 282 399 
675 943 206 423 760 263 303 623 
644 638 53 406 572 549 377 874 
762 76 415 539 809 927 91 642 
873 655 328 563 569 404 526 595 
677 684 133 828 399 313 503 827 
306 541 887 783 472 364 339 639 
830 140 390 959 837 361 784 121 
280 947 799 614 415 446 894 802 
387 169 386 756 456 315 563 997 
547 210 857 46 371 974 25 443 
381 566 126 708 422 895 251 348 
671 536 572 356 199 987 860 217 
