685 2 195 267 579 132 801 853 
231 287 388 113 60 724 81 84 
39 487 842 121 102 910 893 863 
163 173 855 181 444 580 316 642 
956 468 879 853 945 713 614 348 
956 265 929 212 15 934 972 836 
910 82 71 423 167 808 460 240 
580 640 40 964 154 902 405 387 
697 255 519 452 215 5 243 842 
251 557 915 319 288 490 768 961 
179 472 452 967 217 952 211 227 
466 541 472 563 476 639 461 260 
203 687 362 302 28 523 121 340 
208 840 877 636 401 977 226 192 
226 650 677 960 283 527 742 500 
533 51 528 206 172 735 147 909 
