379 530 73 273 763 114 55 59 270 844 387 543 944 843 133 223 923 126 345 296 444 454 40 707 793 45 931 345 760 307 291 144 
6 159 936 435 792 298 713 908 323 745 86 69 293 918 291 399 921 786 32 6 834 629 61 29 923 828 861 386 290 244 627 782 
584 919 631 28 842 462 155 718 242 217 267 55 737 959 154 447 907 78 662 190 660 493 531 741 191 36 688 985 845 977 883 578 
814 295 202 264 186 657 764 959 367 342 703 390 214 667 523 764 442 35 204 240 192 972 754 897 598 814 600 41 932 534 547 207 
900 588 789 911 25 209 671 965 533 962 235 949 166 449 310 243 49 783 426 459 214 660 363 721 438 489 798 775 309 616 940 124 
616 791 911 860 728 587 144 619 693 422 208 490 380 23 16 213 742 482 572 952 748 83 663 248 5 423 477 48 57 288 229 156 
94 566 21 342 725 11 584 238 459 922 60 35 942 759 455 583 142 483 62 989 295 823 114 851 169 12 38 273 183 60 674 882 
746 505 430 742 870 549 172 655 974 413 94 678 627 744 661 71 635 759 622 135 985 318 705 3 918 791 729 293 787 763 655 97 
580 992 567 808 627 604 573 42 475 624 559 864 18 288 221 892 882 801 621 407 969 71 980 835 788 598 32 656 466 574 996 333 
2 439 299 148 889 887 601 638 799 966 329 845 729 18 444 397 808 906 222 504 634 405 894 245 373 710 889 605 509 972 892 594 
722 825 233 418 529 463 387 890 235 324 106 311 228 206 708 657 72 743 58 883 522 607 450 384 272 422 823 249 45 478 243 457 
623 390 324 186 593 380 717 901 197 828 113 624 123 90 42 462 854 678 824 669 763 251 764 4 564 704 871 662 651 547 920 135 
218 962 49 270 485 855 59 828 468 110 271 337 400 543 642 881 297 833 127 507 863 38 432 341 24 811 67 534 370 652 352 199 
171 165 681 339 756 83 569 850 462 913 956 66 874 87 203 259 579 553 257 895 245 401 903 941 857 419 904 561 746 992 589 855 
260 812 541 268 114 857 535 519 755 941 782 228 942 667 836 63 959 441 799 958 391 543 296 213 497 663 429 764 807 724 803 945 
980 606 266 557 811 617 830 343 347 239 291 32 166 936 581 565 720 844 9 702 76 560 768 19 935 251 844 357 893 210 192 888 
957 363 209 945 908 672 724 970 240 514 139 463 66 230 998 70 95 820 772 197 36 852 759 123 177 224 904 872 970 516 840 85 
226 984 161 845 729 257 169 179 363 727 65 273 833 474 428 801 627 206 260 806 245 885 331 911 17 653 641 263 910 408 266 863 
23 296 697 587 908 60 537 257 618 628 976 925 692 630 585 607 136 985 951 679 290 335 987 751 677 529 307 810 719 398 619 485 
521 248 778 148 497 855 450 69 482 652 560 827 608 326 543 527 535 278 400 824 218 576 366 247 120 956 740 372 584 971 159 73 
105 335 984 787 32 341 395 289 49 531 259 478 56 10 182 419 421 442 185 71 216 392 147 510 291 849 175 254 903 787 738 469 
843 936 927 395 624 744 803 218 491 644 531 936 706 466 212 887 600 218 785 845 522 743 796 611 320 904 698 16 94 236 344 178 
841 911 35 388 225 566 904 109 503 402 84 121 794 49 333 416 436 267 427 679 643 1 456 841 885 923 656 422 851 319 342 131 
973 2 657 270 102 988 927 620 167 607 550 227 444 399 435 476 762 536 3 905 973 180 817 621 435 863 993 32 708 241 430 686 
251 679 185 923 881 254 305 200 6 124 781 671 522 986 7 133 46 802 204 41 209 658 207 430 825 218 47 91 398 355 104 613 
674 899 919 214 799 735 644 934 147 118 713 330 669 178 668 649 752 896 216 348 733 26 451 325 60 601 473 831 132 842 342 478 
716 9 635 261 700 67 966 187 838 807 298 273 696 592 472 13 721 358 974 6 68 9 44 33 131 472 832 974 841 622 990 336 
189 80 208 412 336 943 290 547 218 890 636 487 675 203 502 899 788 251 322 647 380 582 547 588 850 41 189 160 335 206 930 99 
743 894 716 781 744 777 696 479 630 871 155 20 271 418 558 314 792 916 709 235 974 766 947 466 891 595 917 917 610 21 353 562 
986 704 390 559 649 182 546 788 861 162 337 763 339 782 568 24 259 829 527 715 681 530 946 754 776 855 261 286 154 994 493 975 
648 432 607 777 167 475 929 270 947 171 821 534 148 663 514 688 24 728 98 959 899 207 293 124 929 963 465 836 961 611 291 280 
928 798 942 27 935 45 120 872 182 810 58 812 725 997 618 867 760 739 472 247 361 451 461 342 655 990 934 130 771 605 370 146 
401 552 174 582 534 202 157 868 898 307 55 500 62 422 508 597 535 125 499 169 470 806 759 25 971 545 932 946 414 903 865 53 
478 943 767 302 487 327 363 932 500 753 356 269 92 192 481 233 675 39 255 783 432 224 159 838 682 102 605 897 785 798 278 995 
734 236 636 160 426 615 927 602 428 301 165 870 424 634 947 118 601 465 413 386 220 967 776 911 860 29 674 677 544 499 350 692 
221 980 363 256 744 683 354 644 411 479 940 239 965 363 983 837 185 422 262 124 218 202 981 221 447 121 925 702 746 357 735 532 
151 983 2 758 762 868 194 691 140 990 402 453 551 573 738 832 232 397 823 829 594 350 614 585 469 903 280 269 356 928 780 734 
926 477 900 646 465 276 412 445 220 308 102 718 936 924 504 180 675 893 521 403 410 681 879 303 667 311 298 348 331 67 747 550 
212 545 210 557 925 996 892 409 777 860 776 477 77 443 506 141 642 194 100 31 10 628 810 799 245 122 580 838 245 0 571 879 
259 77 441 154 892 376 822 735 763 221 530 237 915 696 903 844 774 558 563 395 634 740 625 609 394 610 812 575 217 265 192 725 
94 923 792 571 546 892 64 688 843 722 633 147 897 346 470 282 364 139 346 982 387 6 171 229 288 421 505 851 738 649 603 415 
418 468 428 862 406 585 670 779 52 685 285 158 614 4 126 189 6 654 862 672 338 761 348 805 23 70 980 40 636 336 475 613 
230 338 602 181 620 491 728 951 640 747 962 977 342 820 707 528 743 672 788 445 647 746 875 888 454 756 633 120 433 767 342 681 
118 211 625 309 120 245 744 35 726 849 671 807 915 881 238 421 304 269 112 860 827 328 9 263 143 923 76 93 654 867 816 712 
487 731 613 933 891 585 633 836 499 71 475 425 941 854 916 393 71 854 573 203 113 287 421 180 718 104 847 566 531 93 568 21 
101 801 616 101 810 893 295 796 905 808 726 366 900 640 651 324 120 958 352 377 875 241 655 725 185 894 791 787 867 597 116 876 
440 43 496 249 720 403 326 384 294 635 727 807 893 749 654 991 792 663 443 817 43 590 54 851 779 813 453 215 199 737 145 245 
643 358 705 556 826 650 472 163 131 94 490 693 670 107 334 58 294 676 225 837 513 823 999 924 178 479 345 964 459 780 646 121 
315 205 243 825 708 804 587 479 869 721 773 384 869 727 644 858 106 585 785 905 828 114 769 939 937 812 270 364 657 462 862 115 
661 898 435 93 147 399 113 324 92 657 851 168 95 399 105 15 226 903 136 131 297 25 554 674 73 554 452 5 316 977 576 703 
446 450 637 42 796 54 551 191 746 546 164 995 205 887 954 321 675 341 436 301 496 183 890 28 583 478 56 498 980 394 740 624 
617 684 613 409 364 76 478 863 853 843 103 370 947 841 13 959 791 18 534 205 675 31 32 997 365 656 967 852 226 946 258 617 
312 561 530 538 922 350 129 770 121 879 997 992 314 655 204 124 315 344 429 412 50 276 681 553 950 972 731 345 669 164 575 911 
440 409 826 718 873 579 179 591 720 803 672 527 566 581 146 553 479 627 260 670 265 913 840 281 465 566 398 443 682 316 502 476 
684 899 404 176 853 598 839 586 520 298 257 864 505 504 410 500 480 639 54 508 171 68 646 426 187 275 789 724 840 786 453 712 
760 556 391 220 228 18 617 624 372 188 606 106 785 151 866 59 385 76 269 882 757 888 325 798 447 111 253 157 806 297 307 948 
783 223 60 343 437 649 748 293 432 810 594 236 199 525 857 541 185 827 186 757 996 248 595 901 313 74 799 963 514 582 871 722 
268 517 227 918 647 311 73 444 820 992 812 748 198 464 766 75 824 409 434 569 801 761 882 588 571 867 148 868 743 795 972 277 
336 610 592 34 590 807 280 229 554 998 876 6 450 537 671 931 265 321 786 351 73 712 6 799 346 780 6 468 272 921 836 252 
729 56 966 632 462 45 557 263 599 235 134 427 618 431 160 366 394 711 524 129 745 523 969 110 250 986 985 367 608 666 490 207 
482 767 250 463 877 338 873 931 489 818 522 973 44 584 160 146 349 948 163 872 32 818 301 735 783 942 100 879 979 637 456 517 
558 198 876 182 742 117 434 367 32 700 3 105 787 764 422 477 410 500 550 335 528 952 746 782 602 530 361 571 317 625 582 750 
746 347 301 228 465 740 718 108 468 430 672 968 31 220 834 845 59 276 834 682 431 542 31 77 238 729 744 966 357 192 982 19 
473 857 563 554 567 140 178 338 826 182 528 117 891 547 323 83 662 90 510 624 191 360 51 395 925 926 289 540 335 845 23 911 
