946 625 453 180 255 677 26 679 86 268 823 964 833 854 815 284 704 956 574 93 19 816 934 293 166 453 419 893 848 217 770 168 
923 485 169 900 789 534 657 141 273 429 778 514 949 452 507 837 241 196 656 870 714 682 485 351 257 867 204 391 352 425 98 306 
521 491 373 493 392 360 697 862 472 823 120 767 425 651 483 683 418 371 977 249 266 366 429 864 114 870 827 725 662 268 878 172 
795 352 992 801 243 769 864 31 166 7 822 710 711 81 428 31 306 318 553 305 834 274 17 521 763 44 708 976 142 987 474 910 
378 756 329 698 8 53 271 704 676 412 636 469 24 929 524 123 64 195 159 818 163 121 775 872 725 786 677 568 245 982 134 24 
833 658 936 555 103 982 349 89 911 165 960 450 238 520 495 508 189 688 154 95 878 496 695 635 793 585 405 691 610 87 106 68 
515 336 430 15 438 664 683 641 483 343 895 929 368 9 271 472 119 602 741 302 798 784 356 859 292 355 847 954 178 647 793 157 
615 171 673 78 972 457 495 792 50 938 233 831 865 87 561 382 189 426 163 792 452 929 304 516 960 950 180 924 620 861 972 710 
392 998 966 852 702 141 891 986 661 567 740 436 94 174 132 550 397 197 938 723 774 147 343 506 668 112 979 758 524 721 803 722 
452 437 825 921 541 835 557 432 659 598 103 797 332 485 867 929 479 898 279 149 420 783 518 247 839 375 747 919 60 384 512 42 
76 897 495 323 660 147 496 190 812 478 335 377 356 97 447 15 121 408 40 39 724 106 403 955 661 910 504 803 627 391 412 149 
272 78 298 336 970 721 69 192 854 727 419 606 455 115 428 766 278 249 90 927 46 561 267 110 994 204 200 817 585 992 352 756 
154 999 798 268 535 341 4 259 236 873 841 127 532 373 288 194 289 248 42 434 815 357 913 229 374 499 380 567 862 462 496 456 
232 477 20 839 897 852 492 912 397 433 497 364 995 634 542 666 137 479 661 716 204 584 455 960 143 120 901 48 20 488 470 533 
388 966 326 66 952 769 985 722 730 723 37 330 98 399 812 715 823 604 173 643 188 876 260 57 491 125 114 389 509 628 476 225 
38 177 360 971 513 588 580 74 872 25 64 265 946 943 585 282 724 439 679 682 683 324 312 92 390 982 871 779 460 759 504 306 
448 530 697 453 396 648 695 423 922 415 685 273 4 948 680 761 926 335 609 615 568 234 149 752 272 374 79 78 796 39 603 679 
474 527 708 10 328 752 577 117 159 655 163 759 186 720 988 921 478 850 333 388 193 593 38 770 302 948 279 677 270 248 91 970 
499 116 876 639 452 799 254 970 461 609 775 166 905 538 480 165 123 886 807 476 174 722 469 600 519 866 301 470 38 522 262 802 
225 630 398 232 648 163 436 548 917 323 993 212 461 691 193 883 779 734 972 259 574 494 344 983 199 858 936 680 669 973 30 731 
433 301 741 944 396 145 223 722 496 566 556 453 374 919 311 625 682 220 787 574 154 962 144 155 842 234 46 267 45 389 477 808 
839 277 858 61 482 536 961 62 419 375 337 911 664 361 242 949 373 509 136 437 753 52 194 305 781 794 534 899 171 355 877 934 
602 51 741 447 948 732 924 369 3 933 671 422 278 700 238 179 479 947 453 638 569 422 616 483 680 835 501 318 240 175 739 363 
653 517 791 75 703 154 815 748 182 720 164 140 70 770 962 374 892 954 496 386 120 339 727 42 635 778 659 706 109 187 260 251 
626 621 983 579 622 764 183 32 297 912 712 204 829 992 214 735 343 913 378 381 354 210 857 912 267 580 209 88 519 682 651 512 
323 656 949 354 558 544 605 803 860 501 838 44 798 514 651 628 4 234 292 533 466 3 732 714 998 299 512 700 4 939 631 103 
716 55 127 161 170 31 206 820 854 413 297 84 649 976 894 687 703 802 111 780 5 28 244 744 818 430 882 752 907 53 849 418 
188 279 375 564 759 452 682 632 686 680 78 339 129 933 955 125 216 77 667 267 722 37 995 394 926 763 70 182 863 630 100 241 
686 270 64 836 439 437 20 206 825 278 327 143 45 567 747 106 358 125 101 994 112 539 341 49 101 531 535 798 18 629 57 247 
86 937 993 488 327 30 180 350 353 510 94 615 762 751 515 386 9 613 864 735 31 777 636 429 348 800 645 829 464 235 671 773 
265 361 672 508 162 127 145 393 687 910 241 939 284 93 567 943 339 823 104 157 560 404 569 249 939 192 496 705 589 209 134 741 
498 655 725 987 99 689 818 44 662 562 832 58 51 674 681 206 182 524 955 811 570 763 513 618 919 715 166 995 567 449 809 638 
224 170 951 460 765 59 997 828 110 281 993 93 640 465 589 994 290 16 322 433 377 61 960 808 729 978 772 146 497 479 584 620 
826 226 913 411 651 292 480 880 714 552 785 810 145 301 342 617 153 867 942 757 232 888 197 396 534 828 242 430 370 364 307 910 
39 958 518 157 994 104 301 411 752 112 416 974 316 876 454 38 942 159 270 253 758 370 908 334 421 958 633 842 707 659 414 114 
578 776 31 639 88 496 387 323 205 13 813 333 254 625 934 166 937 934 809 352 906 832 669 654 403 667 435 630 463 464 280 316 
95 178 808 994 152 814 564 268 713 168 738 829 245 14 463 719 291 36 493 28 492 417 877 912 522 598 476 250 518 546 417 711 
917 496 778 96 752 537 23 740 110 297 26 497 700 207 224 500 116 265 420 288 398 119 583 954 331 579 483 710 522 954 544 852 
955 370 37 965 8 868 778 423 51 849 121 698 207 971 476 753 898 439 544 952 266 543 283 907 538 234 243 218 551 220 807 146 
753 641 142 715 206 367 411 254 103 480 635 565 856 999 828 963 521 539 286 97 28 173 925 22 333 289 299 904 186 744 870 412 
961 305 484 550 106 867 64 729 309 849 795 803 974 272 562 732 144 93 915 720 644 643 375 757 719 166 444 306 112 729 533 501 
409 508 246 590 393 398 61 722 314 84 63 946 464 904 334 426 548 459 38 276 630 656 47 448 45 76 721 908 728 215 462 183 
554 237 987 741 193 165 347 778 649 809 413 19 323 371 130 118 638 349 789 268 647 117 158 741 729 572 439 531 441 405 561 485 
262 656 340 632 603 187 925 479 979 586 107 784 641 662 89 549 808 114 687 757 856 534 65 24 801 188 418 122 638 447 75 335 
756 828 24 309 754 287 149 722 786 756 736 446 220 167 648 79 966 44 924 684 121 964 539 549 943 257 409 792 731 814 518 590 
315 961 420 108 373 822 442 944 475 665 788 777 892 641 155 518 985 396 852 944 360 582 132 427 295 966 17 608 222 342 892 297 
597 692 705 776 327 64 641 499 824 552 153 455 6 57 569 236 118 731 141 957 728 2 438 318 276 911 911 359 473 327 931 267 
891 791 519 313 202 331 223 194 288 379 581 572 697 227 143 503 358 220 117 602 20 34 334 952 768 177 168 458 75 563 290 286 
912 662 568 421 656 60 589 61 171 373 462 592 686 624 799 677 227 420 219 208 487 227 616 248 76 200 46 15 891 53 470 230 
866 60 802 517 381 938 663 378 807 185 948 505 76 621 225 137 768 853 563 736 44 490 125 61 963 872 175 674 786 342 207 974 
41 875 676 863 644 205 288 260 335 166 486 932 869 5 929 408 462 723 993 899 967 942 130 17 241 769 954 783 80 750 75 635 
878 187 944 507 281 301 958 975 893 951 689 215 317 310 944 896 562 968 771 18 293 504 52 316 682 174 417 496 247 117 274 35 
234 116 89 582 395 546 680 539 63 30 360 911 186 477 288 198 411 355 416 519 890 354 996 476 707 253 833 265 978 40 514 989 
793 171 997 292 937 463 921 178 630 452 26 14 575 743 859 899 518 225 416 274 733 295 807 238 696 748 959 270 670 455 329 697 
159 188 698 969 415 334 168 801 370 30 933 545 633 477 902 412 874 30 985 342 842 815 192 582 457 182 44 122 558 564 28 653 
263 82 533 900 54 220 41 221 262 554 800 788 114 610 632 157 670 949 690 880 166 100 680 992 851 32 549 940 840 109 7 655 
307 690 219 355 923 886 316 772 854 11 281 960 432 345 794 641 722 92 735 702 740 810 633 791 762 34 887 311 374 681 359 264 
121 872 989 57 133 895 692 970 145 336 646 406 131 173 278 663 647 140 49 578 364 220 4 431 950 682 520 392 973 635 167 688 
16 492 957 485 285 451 72 918 532 691 986 767 272 182 888 232 826 181 337 83 790 312 404 267 184 893 624 539 587 758 825 985 
134 624 837 17 400 345 775 527 428 984 204 360 469 567 891 757 671 95 721 729 101 224 223 698 654 791 192 672 840 509 616 319 
201 762 663 296 84 917 736 733 973 51 399 550 968 898 711 110 736 405 441 63 450 317 490 247 547 685 657 978 773 567 489 137 
750 690 476 78 410 307 756 151 35 971 948 257 6 427 570 949 153 140 149 668 346 136 621 887 301 262 367 657 752 931 866 339 
985 956 895 798 750 963 407 964 448 478 257 63 871 626 545 380 760 285 284 969 414 221 196 946 529 151 882 973 64 323 421 900 
542 823 974 220 414 608 521 305 177 841 176 175 886 573 857 173 907 750 680 680 545 497 970 398 208 802 113 879 315 908 592 218 
