407 149 430 277 947 669 92 831 956 966 140 28 26 811 720 611 930 827 77 463 139 406 40 930 550 213 38 584 930 706 479 291 
187 185 913 520 134 943 276 850 612 850 232 132 947 118 934 660 788 102 834 577 306 88 876 818 68 438 845 810 733 124 801 723 
588 115 24 825 479 71 133 475 177 544 801 638 300 581 277 218 661 698 312 908 843 851 228 874 516 774 794 716 264 844 982 463 
362 431 542 547 694 193 881 782 476 129 890 96 554 520 719 293 296 417 443 541 664 612 983 924 43 386 111 176 606 43 195 571 
431 374 526 346 125 539 482 758 376 386 503 612 861 244 579 739 188 255 962 80 131 766 25 275 131 226 82 244 328 481 732 778 
368 696 603 915 239 199 65 965 952 425 631 173 269 813 621 857 908 805 41 323 306 940 757 403 755 652 321 188 677 220 7 674 
616 734 589 779 35 524 68 453 873 835 597 362 95 728 8 384 634 406 812 445 640 474 891 989 875 854 551 797 550 446 760 327 
34 659 542 900 532 272 166 423 891 849 221 658 370 945 271 985 285 452 491 332 426 20 381 884 967 845 366 887 270 210 38 182 
995 707 578 774 540 571 656 115 836 172 23 570 149 604 886 867 916 131 504 298 672 349 611 863 958 89 62 142 255 896 158 274 
7 915 677 984 557 533 665 52 459 88 21 813 531 436 285 909 648 1 85 474 67 536 479 9 882 781 177 763 936 32 255 696 
745 574 419 79 57 145 402 904 722 173 895 3 948 643 152 503 776 381 654 421 829 457 842 33 982 416 489 840 90 929 14 625 
686 373 638 69 505 239 422 647 385 417 799 991 851 440 880 365 278 168 910 817 846 981 575 679 266 441 975 793 838 800 544 552 
922 571 726 133 89 403 85 326 252 840 883 322 661 788 566 792 944 909 331 705 790 642 314 86 209 687 92 60 166 380 728 460 
250 741 198 227 405 662 89 733 194 598 401 514 736 444 566 53 727 364 33 20 63 638 13 918 149 609 545 437 446 747 613 903 
857 191 889 1 994 628 901 618 414 980 503 494 872 77 852 782 739 187 909 607 733 347 261 562 978 514 230 87 321 980 520 227 
551 653 444 469 815 115 691 408 183 578 719 771 961 601 951 539 45 580 13 235 94 768 105 924 676 525 915 906 218 98 703 599 
131 8 522 154 348 499 1 397 760 265 320 813 115 98 870 553 917 201 618 584 504 122 575 242 514 392 16 772 705 519 579 797 
453 25 481 723 586 332 407 490 334 70 273 125 161 53 90 198 658 254 174 487 962 818 72 61 649 789 717 17 299 221 562 641 
387 356 753 164 632 566 873 635 918 235 115 502 184 123 950 821 128 725 502 108 62 408 761 951 100 375 729 775 658 814 838 190 
689 62 602 776 525 771 491 664 412 957 676 522 802 838 8 748 451 471 429 592 172 598 114 494 399 627 468 603 498 838 996 678 
322 217 256 921 672 243 994 39 608 355 731 365 90 651 940 109 82 699 508 783 174 896 515 420 269 186 845 14 188 638 172 575 
777 185 918 709 480 271 20 526 960 293 953 114 412 933 500 982 979 456 907 687 315 389 174 153 581 265 717 246 997 722 6 182 
286 359 75 555 750 688 170 407 938 81 94 167 311 458 384 511 550 535 905 155 280 302 730 400 962 112 58 32 404 162 999 307 
374 841 151 816 541 263 721 380 421 366 853 62 363 272 542 944 195 47 22 623 309 89 903 215 463 926 615 743 395 27 241 114 
696 144 318 812 700 134 325 639 831 384 370 549 815 926 748 541 911 696 859 199 905 801 495 324 103 448 204 360 113 241 888 117 
672 852 819 19 201 364 584 33 625 559 219 913 808 429 810 1 662 359 623 529 682 395 205 267 0 630 473 404 465 409 262 497 
615 761 194 928 85 7 532 581 723 188 787 554 277 696 479 881 842 353 694 205 485 114 828 713 462 498 405 467 106 234 256 718 
836 604 59 674 558 800 522 322 540 70 136 495 773 317 672 400 494 53 768 109 402 259 92 926 194 735 429 955 99 684 349 707 
237 435 444 46 305 922 244 433 982 364 263 718 447 521 356 557 873 700 238 766 94 262 543 221 665 513 262 132 499 912 420 208 
908 763 763 543 408 718 117 277 886 630 619 469 990 86 630 374 688 494 763 171 69 635 865 359 573 825 125 708 987 811 625 987 
986 291 815 792 732 838 189 241 619 219 739 354 113 380 587 711 263 856 943 98 907 348 879 216 252 725 836 79 703 317 239 669 
734 174 942 904 365 862 981 823 383 693 363 933 877 215 306 196 638 797 474 360 519 64 419 837 537 929 365 444 342 730 710 996 
707 688 734 152 843 693 950 692 959 79 514 887 59 598 902 684 58 451 351 66 587 426 300 620 283 651 824 641 300 13 483 87 
547 880 653 316 288 942 842 492 595 159 341 440 182 612 282 722 976 983 816 285 639 465 827 188 445 616 731 223 309 576 50 738 
847 330 603 633 668 103 965 893 965 225 580 541 813 446 585 822 473 150 528 499 148 806 863 487 78 136 125 109 354 760 371 401 
359 366 934 205 202 705 993 992 540 934 679 509 890 227 867 140 665 107 905 921 177 473 303 178 232 435 687 994 113 133 372 960 
62 21 204 943 367 146 10 34 871 164 575 639 511 964 976 792 820 215 227 42 930 785 407 536 64 91 916 528 308 932 54 993 
980 114 560 389 972 812 447 247 514 721 893 345 247 457 777 595 565 426 322 773 378 831 604 770 225 457 24 528 234 704 548 672 
277 851 627 616 839 254 13 146 232 572 766 236 593 138 921 942 627 258 813 472 859 223 961 787 915 832 457 397 888 562 690 435 
406 173 818 87 191 749 811 783 67 96 42 71 922 651 386 118 419 680 538 238 112 222 480 462 221 824 296 818 28 202 504 995 
76 707 91 573 953 971 624 810 973 487 850 801 527 330 881 570 460 462 53 402 13 607 61 919 512 895 982 562 27 320 212 455 
780 379 115 751 891 635 322 852 836 408 390 720 264 160 739 906 719 6 408 196 600 198 304 600 833 877 323 334 93 324 186 670 
608 119 925 899 282 804 47 805 158 186 594 513 285 519 999 284 333 454 8 920 526 850 358 230 503 720 562 926 137 115 750 150 
860 307 587 61 371 966 405 74 218 690 508 810 258 676 890 70 472 654 438 100 473 398 266 949 553 16 648 829 355 692 450 941 
760 403 174 162 621 595 110 554 954 937 164 526 421 981 37 133 760 999 658 673 668 568 991 68 338 651 613 25 186 962 116 48 
531 774 520 768 928 391 203 187 442 11 274 622 744 178 82 418 564 882 479 49 852 442 477 767 897 254 326 629 655 138 751 678 
412 550 557 200 433 137 47 902 837 31 320 917 75 680 463 209 611 49 256 784 510 548 729 728 33 337 925 575 656 542 359 959 
751 571 347 342 705 102 126 753 99 448 322 344 111 45 34 413 355 391 380 915 944 699 320 90 158 186 693 437 1 93 849 391 
502 389 808 225 315 677 545 247 294 756 792 668 576 912 343 121 362 131 913 24 14 255 410 936 187 887 180 538 477 432 332 672 
58 376 705 256 606 987 330 657 782 474 762 578 28 175 930 963 102 797 94 638 561 231 200 113 189 278 351 201 268 411 107 650 
946 659 196 269 737 570 0 9 512 643 737 31 633 285 921 352 794 526 759 254 328 293 337 611 614 226 265 461 525 561 773 423 
231 36 585 963 596 439 929 84 107 234 919 175 782 605 633 918 761 343 2 49 586 75 651 50 11 251 522 74 910 325 970 325 
9 736 414 804 715 155 148 109 558 209 187 420 833 901 343 730 471 935 890 548 232 935 366 52 308 920 31 469 48 601 880 739 
592 158 213 542 884 495 351 745 121 219 694 759 399 635 776 627 877 136 866 613 780 943 241 134 307 503 464 507 994 935 580 689 
150 799 312 22 751 458 293 359 314 210 568 38 41 560 293 79 77 209 411 922 190 271 751 352 669 919 918 348 841 382 170 293 
96 165 524 241 695 981 465 148 911 283 529 74 762 651 60 615 31 296 343 588 567 613 402 184 425 693 942 269 294 129 526 899 
284 973 607 929 322 945 233 366 3 465 475 364 431 739 397 894 15 474 98 852 514 300 399 77 914 354 769 414 634 607 784 278 
27 314 997 860 527 583 300 71 322 902 595 339 41 212 517 398 677 918 613 614 733 707 800 104 695 90 321 895 797 238 27 907 
367 963 138 32 709 485 199 736 136 314 89 963 666 234 475 487 435 548 230 269 586 384 565 868 498 728 171 211 84 983 603 208 
74 346 524 137 80 987 28 647 825 148 729 631 214 684 146 253 145 600 178 503 839 301 550 923 38 946 687 77 914 146 512 545 
305 168 99 446 903 902 791 564 329 215 909 753 789 888 723 273 802 874 599 69 400 761 665 361 524 854 823 320 543 865 531 141 
395 78 143 793 328 347 420 13 312 470 86 702 40 962 922 450 234 490 600 593 298 785 608 696 206 33 685 684 766 349 583 143 
392 326 545 746 106 616 659 806 155 178 569 98 954 67 192 215 894 788 155 557 492 806 802 193 525 399 934 490 456 851 456 349 
587 108 11 133 285 860 0 969 119 852 13 266 893 879 391 106 155 677 263 272 66 303 479 608 425 543 156 235 396 631 42 301 
