26 468 900 609 25 826 840 135 367 230 441 554 842 712 457 247 555 268 758 799 377 431 163 21 975 816 641 384 208 691 615 269 
52 182 91 278 61 782 111 57 792 383 240 289 11 75 935 242 10 870 963 980 314 610 271 434 617 617 621 266 418 185 927 742 
910 698 857 566 311 21 877 739 188 740 447 297 707 39 762 556 890 490 690 226 167 776 47 868 583 780 46 247 489 943 140 445 
760 889 760 766 711 891 41 54 420 6 663 359 358 566 584 420 471 703 736 355 890 315 828 46 490 890 356 139 202 290 427 638 
120 705 976 885 264 831 997 994 530 105 195 181 958 894 789 609 679 906 356 483 868 4 205 698 608 356 526 304 485 28 107 789 
145 681 439 171 118 901 352 305 556 872 610 368 454 784 73 359 478 550 549 210 141 796 346 436 789 582 798 296 467 910 827 913 
656 999 708 756 947 143 879 223 454 267 855 470 122 139 917 415 564 562 882 899 175 259 287 870 359 385 865 521 624 934 509 246 
704 408 593 766 228 865 329 751 947 551 546 848 953 987 715 31 464 619 528 644 519 258 955 788 583 702 519 715 774 203 346 222 
165 224 828 202 260 864 431 541 570 59 980 724 493 736 489 63 963 116 766 688 706 818 618 847 259 830 245 845 316 556 378 417 
12 284 284 95 747 148 763 703 882 407 978 329 687 451 342 964 596 331 977 913 385 199 160 342 590 494 343 835 716 32 650 444 
454 50 676 869 223 443 697 40 601 690 706 143 158 244 380 157 174 984 2 273 614 785 68 75 497 993 211 252 671 207 678 108 
863 616 58 721 167 622 686 576 959 225 467 950 352 427 365 120 342 120 686 633 358 864 836 941 649 302 351 340 94 863 189 36 
444 861 697 739 698 173 500 592 172 145 561 440 245 518 493 998 996 695 422 10 916 491 355 126 30 686 338 427 694 406 45 451 
468 796 272 375 26 68 343 101 380 972 3 37 78 539 699 570 417 354 228 201 128 797 510 278 612 884 669 262 660 856 477 146 
675 507 996 763 896 864 281 308 209 676 657 23 518 79 261 669 770 296 949 655 218 899 326 35 594 651 405 479 450 448 539 48 
443 79 824 471 696 211 689 135 518 178 760 625 584 599 891 9 294 767 159 895 71 967 396 429 401 861 217 78 733 11 572 351 
750 591 946 416 887 125 28 886 827 257 579 602 804 104 386 876 336 603 971 412 968 518 632 326 770 30 114 424 342 603 377 854 
666 345 779 608 992 776 389 37 155 922 495 167 242 879 229 812 915 402 680 341 784 982 709 432 478 157 557 200 789 709 446 872 
255 796 642 430 649 363 86 754 654 945 876 613 561 284 316 538 669 923 442 565 536 765 675 605 415 833 875 550 61 305 191 214 
837 472 845 28 286 937 895 610 663 404 732 434 291 175 449 277 200 492 519 686 699 972 330 87 206 109 239 14 228 943 734 1 
545 706 885 827 929 318 423 162 17 586 456 874 171 978 287 345 449 194 360 564 515 229 181 321 422 36 844 770 850 348 314 515 
294 790 854 892 679 42 99 796 611 805 452 213 820 290 933 338 332 261 629 745 693 453 68 531 473 721 620 886 142 471 977 751 
301 132 213 748 316 336 115 692 930 297 589 658 751 261 216 561 296 356 76 544 388 998 835 941 99 109 180 532 885 671 761 825 
307 345 981 281 291 878 317 87 572 947 739 296 334 658 916 643 171 788 272 715 112 383 637 649 731 616 884 183 546 800 897 890 
285 32 589 7 208 30 673 170 769 389 404 78 853 261 333 102 3 214 576 955 780 903 900 320 476 771 488 947 208 562 709 517 
22 96 540 77 154 308 754 921 4 844 662 603 854 133 970 272 740 22 491 253 985 691 980 206 904 448 654 89 884 280 122 788 
454 897 786 694 293 673 815 758 698 721 18 103 778 515 569 526 202 900 121 608 286 571 627 691 487 101 697 535 87 224 691 273 
362 261 739 895 888 983 132 322 461 11 54 542 994 78 909 549 137 677 31 471 393 179 40 978 892 291 612 575 483 630 243 495 
46 660 223 419 324 736 225 747 189 761 377 303 828 213 822 718 923 132 887 917 252 184 682 507 67 565 983 692 89 533 322 820 
644 843 646 196 988 399 424 975 549 88 70 182 866 483 661 954 817 315 930 771 709 368 590 558 654 225 821 530 370 749 58 400 
8 657 270 391 563 759 245 891 153 291 887 760 194 127 378 732 126 823 588 897 427 978 821 765 672 473 211 847 34 310 299 493 
320 495 857 717 256 772 436 493 271 508 389 496 129 162 914 806 956 953 479 458 41 491 840 664 638 531 879 796 997 859 891 189 
202 794 960 274 574 208 685 275 446 386 67 228 906 984 966 602 162 188 198 828 68 213 83 996 273 904 590 988 723 632 245 533 
703 106 763 86 402 167 596 111 952 517 788 17 968 159 771 586 350 943 907 80 928 99 445 667 639 789 945 222 409 412 655 265 
505 793 158 787 572 31 68 150 137 700 952 761 362 754 365 17 96 169 980 283 782 631 196 199 191 932 872 677 712 862 150 354 
622 272 474 800 284 251 52 396 864 988 329 763 888 513 214 13 531 810 742 69 391 694 167 835 783 388 247 134 140 672 14 664 
290 234 477 930 835 961 671 777 19 575 474 959 930 104 636 537 919 592 122 250 173 134 231 578 136 687 437 820 359 68 835 586 
171 292 264 336 819 175 567 393 568 654 719 520 417 320 369 97 676 595 305 420 184 106 838 791 892 230 142 526 137 538 985 138 
764 229 839 232 619 679 923 829 792 887 482 752 315 420 278 563 735 603 624 466 665 331 821 652 87 937 154 593 486 253 772 103 
315 961 925 198 856 694 316 761 360 764 310 465 394 888 218 156 625 953 902 384 692 696 503 236 185 222 262 534 51 342 398 972 
419 148 622 630 702 810 64 718 793 705 492 733 189 996 986 413 871 664 980 48 517 900 795 348 633 960 883 205 246 824 824 158 
187 13 671 357 7 733 463 496 957 760 554 859 117 254 566 966 491 245 715 314 639 518 509 864 207 744 933 311 417 393 173 961 
574 920 688 169 788 17 918 88 15 842 968 335 283 201 509 695 569 259 71 279 659 394 944 475 705 315 222 340 31 116 174 68 
205 218 958 366 143 443 265 613 37 350 92 514 362 795 247 668 5 594 8 514 947 693 14 591 196 857 586 89 942 423 672 728 
550 636 37 942 603 173 538 663 752 259 826 523 581 25 4 366 463 970 366 941 441 349 280 157 240 171 153 220 798 189 619 327 
709 532 631 301 405 373 120 740 550 240 367 623 769 232 730 233 554 320 82 467 498 817 853 258 58 258 320 779 396 34 6 737 
538 682 362 985 446 603 821 556 594 145 559 594 598 96 266 4 839 903 303 500 351 980 377 799 370 279 470 251 540 990 376 37 
344 162 52 705 428 549 821 438 473 693 57 825 860 541 538 143 802 698 810 311 869 282 351 995 433 324 401 598 501 585 609 681 
664 287 35 553 200 146 121 314 672 33 282 237 903 431 10 506 34 356 695 30 794 195 636 39 200 252 277 517 794 648 605 569 
538 929 949 433 652 127 900 673 995 369 865 393 163 620 855 709 530 567 524 482 468 489 214 114 554 292 661 159 745 347 443 308 
295 612 526 271 717 792 371 702 164 574 132 591 925 111 568 403 430 964 137 174 913 25 784 530 878 692 917 548 394 92 84 210 
6 691 999 906 342 67 419 496 381 986 159 858 959 921 486 969 766 567 185 153 959 343 589 463 765 345 264 564 4 693 106 311 
636 421 739 111 876 73 209 136 946 196 763 361 199 720 204 24 431 997 743 386 335 951 864 323 823 381 911 82 339 381 206 784 
185 18 293 416 310 968 449 543 681 387 634 68 845 636 755 942 512 437 209 641 967 310 152 40 646 595 458 114 471 899 710 211 
631 429 528 584 671 683 876 13 174 594 676 977 45 718 986 297 64 121 340 657 265 752 633 762 681 422 765 198 924 654 87 379 
685 602 566 609 673 777 735 743 147 129 490 747 930 562 549 411 691 305 631 761 673 962 20 765 838 960 322 140 464 609 637 898 
635 115 877 716 389 33 483 70 458 501 458 633 290 424 60 448 105 665 786 82 346 450 249 933 920 127 791 711 622 514 618 515 
233 376 355 296 629 672 712 884 115 935 645 114 746 935 586 858 399 734 54 847 515 867 113 1 606 811 926 224 576 441 934 190 
331 471 501 392 681 867 66 786 962 464 443 460 228 800 704 444 578 42 2 424 692 764 997 410 639 354 359 328 414 598 618 683 
975 732 96 695 689 298 460 668 791 116 830 649 406 861 397 581 735 903 434 159 390 513 117 503 868 956 642 951 727 230 200 726 
193 406 295 803 454 807 328 34 209 381 254 24 862 608 73 721 381 545 457 999 143 122 22 889 916 721 181 385 77 782 337 139 
224 293 138 722 176 655 991 447 648 799 925 800 956 57 596 828 982 647 261 82 198 328 644 374 39 595 797 664 568 244 41 36 
930 113 319 161 863 139 618 913 286 565 169 53 362 733 880 153 529 892 398 782 293 676 559 468 382 6 971 281 609 252 758 934 
499 465 204 271 932 517 528 723 351 615 22 631 762 530 893 174 186 752 189 512 853 163 567 528 761 863 844 405 962 78 288 726 
