417 36 924 848 572 966 617 504 577 84 102 551 624 575 856 367 715 938 972 375 618 14 66 237 992 547 696 803 207 289 697 878 
421 184 468 303 620 970 565 805 80 486 792 639 106 342 340 577 554 937 513 624 384 853 843 794 487 980 794 998 760 76 943 797 
970 865 431 965 47 539 191 827 865 172 377 283 201 926 110 366 493 712 814 537 815 955 431 782 15 4 972 771 456 440 720 766 
526 404 604 228 962 54 110 456 559 893 416 779 782 483 956 323 168 746 814 34 597 131 196 704 230 481 945 565 602 157 408 377 
615 941 371 585 810 59 256 905 664 848 752 9 459 408 433 750 283 370 779 264 315 762 898 505 341 120 278 671 151 241 520 230 
479 359 960 217 805 386 680 670 984 423 995 416 30 500 996 30 475 756 662 711 176 132 810 833 175 468 988 276 162 527 907 761 
101 938 53 462 592 461 190 446 836 623 196 50 915 329 738 401 383 896 40 697 486 444 612 959 986 481 768 386 398 132 960 390 
301 229 323 259 481 231 241 707 740 177 166 864 195 44 17 374 77 608 291 286 474 379 831 924 440 277 963 405 536 107 236 200 
714 637 852 108 723 37 486 673 95 724 967 699 888 135 50 539 698 664 995 36 790 858 841 485 366 335 572 963 377 67 122 60 
59 803 226 521 891 271 95 48 610 364 523 753 324 438 651 378 46 457 686 704 881 149 332 409 854 733 572 998 842 98 698 990 
384 288 742 507 377 469 417 839 223 823 316 725 791 126 899 662 517 564 762 763 367 206 771 78 966 842 905 756 722 991 241 842 
821 210 717 711 97 150 585 984 753 490 527 884 110 446 212 608 586 87 669 553 326 125 781 173 271 719 318 750 309 341 522 219 
919 682 547 494 929 576 413 270 526 436 666 944 42 502 338 755 169 701 966 860 479 463 782 363 158 967 450 796 865 229 55 314 
865 61 713 66 796 349 534 634 292 574 614 185 933 337 752 210 256 326 777 811 231 786 579 456 273 239 754 151 321 272 339 527 
212 61 471 494 682 911 381 569 363 744 840 418 870 40 573 500 644 79 509 346 40 242 571 29 500 280 670 794 432 190 361 207 
361 88 631 747 890 42 628 940 54 837 167 346 339 931 78 613 317 899 163 394 852 578 998 153 419 745 588 673 256 966 622 286 
339 894 214 821 572 329 115 238 298 435 609 169 552 523 989 431 997 320 539 898 763 425 256 207 325 653 302 922 929 455 369 815 
419 616 670 187 754 552 188 1 872 469 147 341 686 975 653 704 677 837 442 949 719 484 826 160 129 450 315 242 257 231 814 462 
699 819 546 181 925 176 326 24 427 271 271 888 795 87 627 189 449 848 883 568 49 767 813 989 68 731 12 962 210 889 196 419 
613 633 720 360 527 706 626 995 851 267 672 380 643 142 637 480 266 466 127 782 551 883 151 522 0 55 363 691 590 337 231 390 
555 457 476 341 293 952 43 237 630 143 935 535 568 147 735 449 593 985 129 427 21 466 11 823 75 451 841 270 656 616 959 210 
73 311 648 376 201 859 180 783 910 111 608 323 516 708 756 737 928 102 374 637 138 192 732 172 619 405 431 845 292 344 102 868 
323 652 633 853 638 727 112 207 796 967 613 735 9 856 143 899 416 370 137 675 871 85 769 32 234 450 679 972 510 14 347 347 
941 335 516 824 949 877 463 755 796 797 130 845 584 90 468 110 902 504 726 438 661 481 882 814 994 660 889 228 168 343 703 965 
704 961 355 40 564 476 43 859 439 162 496 717 882 941 259 151 949 905 810 968 290 427 798 373 53 262 476 634 195 406 870 337 
32 317 958 772 237 776 65 897 329 472 421 983 581 459 345 206 198 742 871 99 365 489 406 326 463 759 579 718 567 865 732 693 
534 498 226 301 659 397 825 362 193 185 860 105 52 991 717 715 8 250 709 626 815 538 641 827 233 585 595 79 277 795 231 514 
535 759 995 806 20 735 515 829 798 600 641 648 652 919 580 409 765 445 98 925 86 248 832 330 434 389 484 538 412 485 515 913 
376 939 847 217 545 175 187 172 449 385 29 516 739 847 251 101 836 792 579 230 864 115 146 265 552 658 346 413 683 875 380 21 
925 816 533 657 155 746 331 431 615 205 310 391 902 964 144 474 212 150 548 69 726 954 592 960 464 218 71 884 333 63 867 872 
755 259 98 928 962 447 438 238 533 987 555 84 60 895 148 308 286 391 596 169 63 359 335 864 679 6 531 496 122 500 104 82 
753 783 818 829 704 326 123 771 141 555 177 30 824 751 941 173 508 6 939 105 740 887 449 152 476 517 969 249 163 935 256 124 
346 457 21 508 596 632 263 796 197 482 581 240 791 943 824 699 608 227 643 386 429 378 111 379 750 524 665 779 233 88 518 12 
144 472 938 865 436 922 150 570 919 892 297 7 858 512 649 717 821 619 736 964 77 256 445 621 799 871 639 6 996 858 783 58 
91 313 439 933 853 827 23 767 777 81 945 431 390 527 543 721 557 769 28 210 916 604 28 157 123 37 852 678 279 468 903 969 
535 915 87 152 123 475 937 875 525 207 556 579 327 916 270 316 141 237 339 293 883 957 341 369 963 599 825 360 88 253 544 939 
987 963 791 469 86 464 942 946 697 13 952 40 122 787 854 142 166 863 419 898 20 22 38 524 139 398 11 565 415 586 61 991 
667 525 390 495 864 928 391 937 173 316 496 619 852 113 537 799 375 42 781 124 474 896 87 908 216 985 790 140 119 279 124 619 
561 415 842 578 37 712 357 531 262 27 399 358 564 542 226 368 378 154 155 59 566 35 630 93 933 261 689 680 635 52 713 432 
272 686 59 306 557 202 855 823 93 596 846 744 47 885 321 580 750 899 613 159 650 650 673 993 758 38 400 167 702 399 587 223 
820 424 126 586 801 419 546 9 25 127 745 676 328 458 205 918 212 755 266 113 863 851 172 167 552 757 198 695 820 652 429 523 
603 981 626 827 432 910 772 232 632 539 871 805 70 276 363 18 522 277 0 347 596 140 34 271 253 965 735 929 939 802 228 707 
155 725 970 503 998 75 113 560 430 474 848 804 331 736 953 114 417 280 140 333 195 407 653 719 681 199 224 431 367 765 93 174 
180 805 577 154 905 224 441 511 282 830 367 218 332 653 18 219 965 29 610 445 276 29 490 204 279 985 334 581 668 363 610 311 
650 856 681 719 651 247 146 481 460 502 449 157 677 261 243 600 903 914 653 455 577 942 152 191 323 287 9 765 803 922 928 390 
831 49 463 591 501 906 800 402 342 236 871 300 294 986 562 133 308 940 510 708 707 130 78 294 791 556 798 97 671 36 109 897 
856 580 147 676 892 334 562 742 870 681 871 680 415 917 133 608 131 115 636 866 694 835 414 880 327 319 491 679 272 111 275 54 
683 526 150 391 164 849 67 468 825 394 650 839 543 57 788 909 322 444 625 110 54 129 574 520 57 137 239 260 609 528 126 487 
328 226 817 667 203 541 8 322 828 489 925 224 941 673 214 551 905 615 306 245 421 765 263 950 384 67 469 57 687 811 243 95 
19 565 160 696 512 899 536 192 836 823 530 76 729 266 27 17 167 757 772 113 778 392 809 476 878 869 143 989 813 563 331 177 
383 987 838 403 154 376 607 483 689 343 573 318 375 626 649 603 200 612 771 741 601 949 939 970 298 974 735 862 883 759 742 749 
52 221 106 902 788 124 997 880 828 364 984 76 511 325 457 340 431 707 108 643 665 107 149 699 781 653 844 873 289 574 333 760 
670 250 896 320 597 991 187 196 845 214 635 673 623 759 616 101 972 122 566 151 950 282 656 469 320 780 481 117 693 646 859 230 
272 957 121 631 779 747 776 999 6 942 752 567 773 609 587 508 735 313 189 217 893 375 888 109 195 993 71 893 319 554 491 995 
838 414 873 189 141 562 739 787 583 381 987 471 267 240 248 635 177 404 582 483 488 643 105 166 499 947 234 684 568 400 678 757 
259 51 113 159 301 903 430 109 288 668 521 101 867 328 524 727 568 976 102 444 942 108 345 277 723 29 114 82 671 84 457 121 
384 184 812 240 667 649 958 269 430 967 743 675 149 257 536 739 659 78 379 241 129 21 30 459 546 399 66 127 581 628 783 116 
460 354 494 503 280 697 680 71 784 145 63 508 864 809 14 305 603 787 626 592 315 511 779 368 842 543 5 132 910 865 669 864 
344 924 635 885 61 26 458 979 340 653 665 945 596 44 820 339 962 711 926 933 468 942 682 419 377 625 425 0 784 747 967 101 
384 656 632 856 751 580 894 681 529 737 509 326 288 81 177 264 149 513 64 955 776 748 123 281 388 412 476 555 930 404 173 793 
929 848 469 280 894 957 215 633 884 690 782 696 84 466 376 410 995 984 499 913 263 975 496 424 711 769 119 408 278 855 10 231 
666 510 548 210 719 683 316 532 932 258 618 683 168 652 450 14 673 326 484 658 642 465 417 803 758 399 887 277 301 624 106 697 
232 514 476 873 871 268 99 53 764 135 154 371 630 751 225 954 618 772 298 407 365 611 335 165 452 682 296 839 947 360 730 383 
41 371 865 424 497 999 338 132 268 64 428 705 418 120 301 257 888 77 247 254 600 182 709 366 827 427 139 995 325 66 870 499 
