76 424 254 977 876 696 898 373 
888 83 223 648 111 93 221 653 
370 455 421 423 493 487 837 707 
591 925 49 741 255 143 82 257 
130 715 266 392 643 128 667 789 
585 432 248 721 820 805 101 669 
759 812 248 52 739 2 443 986 
108 707 953 642 714 270 104 437 
320 208 893 787 77 564 616 392 
354 147 572 881 541 360 103 313 
577 279 974 876 392 981 597 642 
212 78 178 958 330 570 540 17 
520 21 690 228 814 480 743 367 
417 777 653 761 412 69 578 74 
796 642 996 206 728 574 527 570 
690 998 599 749 93 864 219 290 
