672 279 127 247 475 581 583 740 
103 698 252 283 540 334 990 690 
130 540 750 874 20 830 482 383 
391 716 158 742 357 221 458 242 
406 528 225 441 470 922 523 472 
906 815 900 693 991 803 872 207 
793 814 700 954 8 732 310 407 
692 873 3 125 486 996 692 352 
851 981 669 635 151 776 832 221 
736 94 271 909 747 54 206 837 
556 858 2 592 286 876 952 999 
953 778 6 403 390 107 350 12 
560 602 287 546 683 136 375 560 
263 55 411 313 446 245 414 278 
79 120 911 16 225 736 343 231 
300 423 587 643 917 889 5 699 
