581 627 446 334 7 716 956 89 444 20 816 472 495 163 596 32 443 555 673 458 245 535 589 482 469 319 78 955 121 659 316 395 
944 607 950 578 144 247 705 188 632 161 613 256 916 740 937 52 539 579 301 301 717 780 425 702 675 872 969 424 665 24 905 883 
365 981 242 364 412 827 828 37 126 567 36 956 980 175 243 559 576 226 124 548 660 626 479 558 684 518 867 32 510 205 940 46 
115 349 667 653 375 638 335 240 104 465 954 999 280 404 385 234 817 687 658 572 884 310 626 79 1 72 914 629 707 337 636 499 
338 66 565 778 197 903 674 166 348 961 185 351 652 279 541 868 290 145 950 346 333 205 396 743 693 593 250 838 489 391 662 619 
818 957 32 379 507 458 961 736 43 816 450 160 755 919 918 394 844 863 600 323 15 563 917 779 29 57 669 580 311 12 312 695 
942 987 696 584 476 859 395 830 567 377 597 642 135 991 740 15 54 9 122 646 714 641 641 419 522 598 650 341 376 2 391 336 
424 983 484 492 314 147 645 182 631 878 673 484 980 508 368 992 413 30 853 564 668 235 607 31 842 547 758 883 766 727 555 927 
97 787 574 384 619 206 222 238 216 586 62 261 491 191 816 16 537 41 920 423 38 685 243 219 815 404 981 230 939 168 796 162 
562 507 206 251 500 297 858 246 816 691 398 19 500 841 433 824 110 387 321 750 198 946 466 289 972 545 963 189 200 320 566 218 
252 921 202 183 475 288 615 172 832 570 28 344 894 957 124 493 609 112 326 755 423 622 509 278 293 914 26 384 976 655 480 849 
845 79 991 32 697 836 410 249 32 905 167 963 854 466 243 859 663 990 926 699 420 250 97 426 35 187 559 846 415 676 829 474 
684 260 778 378 379 571 573 845 796 564 303 744 451 31 702 784 988 986 664 277 435 131 613 587 912 656 320 112 587 490 104 421 
257 666 612 504 260 101 694 8 357 740 741 411 501 909 703 385 337 630 693 810 996 32 114 271 710 56 945 677 269 176 905 978 
789 675 461 242 59 988 135 496 528 858 631 256 804 623 744 864 119 240 661 592 285 466 699 19 809 768 551 230 85 417 696 799 
749 397 136 576 429 749 3 244 529 753 203 170 62 472 575 782 300 733 357 168 295 660 794 488 810 459 112 683 982 118 725 881 
129 821 804 69 977 146 61 978 661 651 642 188 96 703 26 113 97 910 112 802 557 337 76 485 851 531 619 50 63 340 281 256 
963 926 463 758 545 8 49 325 959 188 550 172 923 734 76 903 352 423 464 955 640 87 904 818 388 518 686 707 654 471 877 35 
111 959 599 355 157 978 531 546 653 245 701 350 228 228 214 405 678 173 364 42 845 726 765 969 36 500 709 739 559 587 882 97 
931 678 800 312 485 419 528 246 638 773 417 497 713 439 990 3 753 788 959 795 994 832 484 665 435 437 823 167 955 512 598 42 
210 785 115 647 37 106 964 813 597 113 675 373 956 615 498 93 114 740 447 322 869 689 761 891 142 565 971 52 830 195 171 406 
682 904 647 141 849 923 566 954 451 400 848 254 882 179 955 63 400 869 200 525 490 589 375 115 531 810 947 797 437 284 530 196 
91 834 707 268 703 361 374 29 98 924 418 751 927 239 851 45 651 504 363 0 380 136 93 579 779 692 583 460 996 958 50 496 
990 851 564 810 71 161 531 201 232 729 64 797 762 466 320 693 840 494 926 729 348 279 132 532 918 198 101 725 433 712 247 563 
595 488 517 114 900 134 919 750 265 709 893 99 548 783 229 307 376 88 472 179 886 762 129 870 665 923 484 340 336 333 458 75 
552 634 266 50 582 556 767 304 240 442 754 678 926 433 613 502 138 153 501 790 282 441 288 142 392 665 178 745 81 891 891 13 
147 577 369 97 437 203 532 63 253 813 302 534 952 22 204 335 141 64 748 619 614 830 453 249 62 785 630 313 772 111 623 386 
26 417 996 849 379 105 137 924 576 718 387 812 441 993 320 459 198 87 630 292 211 76 310 552 790 43 663 473 916 928 897 692 
202 881 344 515 758 905 747 457 127 419 253 281 230 307 608 664 346 359 320 264 966 776 837 918 644 430 686 144 734 263 288 838 
448 482 904 598 230 439 757 501 166 299 582 366 18 340 30 837 293 58 531 210 125 563 919 866 577 73 722 66 140 126 920 999 
113 486 561 390 573 290 116 650 499 213 977 90 161 343 527 95 688 735 556 512 747 237 367 619 942 942 392 305 232 567 259 833 
239 907 608 758 7 813 4 581 634 705 758 723 246 490 38 777 877 334 747 319 431 233 177 57 469 304 351 966 806 903 907 763 
215 563 255 465 436 996 378 481 45 253 377 847 452 431 712 837 206 520 177 939 948 868 406 995 284 499 207 292 121 628 258 148 
256 279 405 744 463 575 116 175 762 411 780 130 754 428 80 190 855 798 275 482 286 531 839 745 112 450 399 629 632 895 973 259 
246 879 338 412 980 353 992 311 171 485 450 616 396 397 394 465 313 333 315 212 540 397 71 189 511 660 364 288 455 470 625 451 
882 533 42 914 555 346 151 19 203 925 883 39 124 914 838 435 734 249 431 845 793 994 575 298 248 607 860 811 798 643 837 868 
162 266 499 704 934 296 968 495 523 862 196 35 847 396 225 67 309 88 200 501 372 268 73 211 924 426 210 687 345 347 654 957 
256 95 93 524 303 800 866 155 835 782 549 6 86 565 216 285 838 83 739 840 860 331 803 368 12 579 827 123 732 49 545 973 
941 79 659 478 556 823 91 206 972 975 315 459 450 424 787 668 70 301 891 726 681 295 438 67 562 796 643 502 44 259 65 685 
75 882 685 410 172 540 263 984 931 905 740 493 236 792 363 585 312 139 890 854 770 591 991 212 12 577 187 937 227 488 704 845 
927 378 785 306 596 813 257 726 690 466 783 685 967 387 187 784 277 229 938 774 673 352 913 324 807 644 626 909 29 32 28 570 
525 622 293 63 814 591 717 224 707 746 928 663 433 901 494 890 469 581 890 54 528 786 92 303 631 405 564 661 548 532 637 803 
596 669 903 326 152 321 111 86 177 362 899 294 788 592 168 736 410 262 571 61 812 857 499 928 189 835 504 385 495 549 80 923 
762 615 190 632 691 869 736 718 564 297 246 196 994 149 822 344 123 472 215 479 347 835 343 820 180 60 874 675 562 210 90 994 
122 904 706 378 612 925 71 790 996 650 214 172 49 183 812 766 473 631 997 402 436 578 801 947 642 161 336 932 896 309 815 206 
316 371 156 327 396 289 107 165 541 896 527 345 315 393 511 897 900 953 86 236 803 755 974 56 861 950 524 466 719 951 787 229 
825 590 288 19 790 331 342 164 448 309 343 453 768 170 470 300 848 984 639 800 326 853 242 888 702 56 466 630 791 108 966 492 
553 200 983 9 587 619 135 712 104 682 953 603 383 840 644 469 470 629 429 781 286 298 146 234 998 895 208 414 24 815 374 397 
162 974 462 431 32 543 249 262 482 989 273 729 59 129 668 3 747 607 932 379 139 325 494 742 134 205 440 577 183 220 795 253 
175 394 53 145 374 630 694 640 953 655 546 203 665 598 656 189 18 663 19 815 811 334 486 86 887 840 756 738 428 646 328 242 
617 172 822 439 667 200 973 253 611 286 764 381 249 311 207 313 360 72 941 421 921 730 617 0 261 378 682 218 375 937 513 764 
628 189 319 13 134 971 294 739 235 377 511 927 502 305 971 877 248 793 478 411 358 777 295 606 103 77 100 193 998 430 466 684 
988 834 527 537 672 916 212 662 408 69 779 259 725 121 355 750 850 166 510 730 807 948 973 81 50 475 950 759 428 677 568 813 
217 316 410 342 491 116 309 291 225 419 736 326 698 414 49 697 666 204 809 563 549 531 98 11 328 720 68 404 844 577 879 546 
137 606 208 29 414 298 262 235 410 487 593 642 10 936 557 588 992 762 212 375 235 815 193 973 580 85 710 397 952 655 115 253 
268 312 733 751 268 496 743 512 991 570 953 331 903 82 235 213 998 36 947 162 572 2 762 206 50 804 798 80 668 866 93 620 
813 309 653 274 516 635 904 199 276 423 684 89 38 265 780 264 637 87 446 661 932 284 195 862 59 971 352 771 91 651 586 279 
334 146 810 919 487 204 277 778 126 187 932 13 825 804 196 698 455 844 238 40 894 206 538 923 463 661 503 153 461 781 288 80 
918 597 179 874 533 982 697 511 125 467 64 25 302 527 433 564 266 584 112 265 645 105 87 997 867 882 142 473 420 677 95 621 
714 303 501 855 867 522 245 750 855 523 348 317 948 734 230 302 451 829 91 166 539 113 450 505 113 291 420 357 446 98 615 64 
818 403 252 41 485 603 107 33 573 116 407 375 298 56 686 603 831 329 734 331 223 599 312 310 991 481 125 139 482 649 30 1 
385 818 4 964 143 200 586 969 875 510 335 457 493 477 999 407 713 555 994 298 692 955 863 528 983 117 891 871 333 318 508 16 
645 200 923 603 739 551 164 220 384 54 451 365 374 635 37 816 198 984 953 265 105 273 769 416 3 642 244 289 841 258 181 57 
312 179 145 626 606 957 173 949 242 659 526 322 468 139 757 718 546 542 416 922 940 880 549 508 174 41 920 66 740 172 84 446 
