467 224 182 513 11 371 64 598 
539 562 445 700 261 243 691 677 
771 950 386 722 875 94 827 410 
93 841 612 746 150 848 827 124 
412 303 917 515 937 148 781 861 
461 993 318 518 378 410 225 635 
669 628 787 420 54 657 542 957 
520 673 674 766 68 483 635 34 
219 471 291 608 17 799 65 964 
209 580 251 51 102 534 113 315 
794 990 182 974 495 354 756 394 
384 246 485 542 148 120 757 940 
952 41 627 380 89 177 9 214 
503 839 17 539 873 203 217 683 
643 216 429 940 571 694 315 534 
111 745 504 242 181 805 83 956 
