69 185 843 628 817 708 552 138 
854 927 607 46 151 219 914 611 
181 348 425 590 394 250 179 750 
396 869 64 705 273 472 647 376 
429 728 433 997 525 705 580 819 
983 310 778 196 146 311 243 730 
748 848 466 102 913 749 870 159 
21 380 221 479 427 644 163 833 
12 157 973 745 393 858 592 278 
236 843 165 298 987 474 301 769 
176 540 11 566 836 872 64 622 
704 353 63 348 587 543 667 341 
499 342 227 901 693 421 662 255 
886 298 394 778 991 482 50 233 
445 256 460 502 871 212 33 897 
286 442 560 300 248 841 909 927 
