95 600 490 916 592 370 818 944 
273 517 879 469 145 301 621 309 
13 203 338 435 349 996 803 702 
30 474 371 208 24 422 103 446 
287 885 853 402 359 777 713 763 
382 7 181 563 953 80 345 716 
806 923 546 605 868 598 541 224 
399 112 242 214 973 720 381 342 
828 854 792 254 709 323 727 616 
841 751 572 136 196 874 506 513 
680 325 778 963 75 300 216 592 
20 427 611 202 210 793 311 336 
976 636 33 428 622 880 874 352 
887 421 183 622 955 543 161 931 
326 726 905 82 836 227 52 625 
786 825 260 823 959 766 371 548 
