63 233 827 383 873 86 98 975 235 109 187 103 795 344 695 183 51 235 430 916 454 715 633 689 241 588 95 932 321 429 792 942 
513 451 40 656 663 774 160 253 728 867 755 694 312 86 820 354 32 643 838 591 630 821 991 225 482 845 585 320 855 93 952 222 
312 473 96 219 969 851 613 273 323 61 805 543 315 875 201 809 187 544 902 61 325 648 791 516 996 491 801 861 11 475 430 285 
915 422 293 476 255 630 605 239 796 870 96 892 535 299 301 483 337 402 191 81 714 714 128 377 920 544 906 277 314 51 947 909 
484 544 454 528 823 86 971 424 960 345 112 916 265 560 399 429 209 200 417 279 904 258 478 103 193 629 887 891 153 302 979 831 
711 921 270 304 484 32 379 255 829 666 477 853 5 433 173 2 714 829 808 636 346 846 446 104 975 473 530 284 501 249 726 762 
410 742 612 292 891 97 257 17 256 892 988 67 708 624 316 318 656 967 984 527 706 44 960 821 307 986 893 504 83 406 711 504 
821 492 566 134 340 981 756 437 606 941 278 96 208 906 816 170 398 21 472 968 862 201 786 499 150 838 989 124 245 702 161 533 
91 370 4 687 881 123 692 87 84 530 282 176 836 848 229 280 426 372 730 718 456 727 771 584 498 794 493 680 492 227 93 156 
626 936 622 796 257 730 691 470 819 723 905 842 34 445 428 217 102 633 636 330 978 262 714 670 564 350 361 369 696 259 612 786 
225 643 868 463 57 443 560 934 918 460 717 761 723 165 605 80 483 374 416 886 905 938 756 434 210 527 624 445 554 425 184 456 
85 482 377 233 267 773 856 943 934 667 185 936 382 683 456 754 878 752 880 856 355 910 954 960 133 38 253 740 326 495 741 522 
807 998 148 671 371 47 616 590 404 452 728 151 936 778 681 842 336 13 131 249 667 154 399 668 430 754 59 425 973 921 297 53 
715 496 301 607 553 347 842 976 180 570 707 546 255 492 984 86 688 416 934 370 725 39 965 122 8 233 139 952 470 862 290 249 
519 364 837 103 50 73 857 703 712 689 474 740 585 563 20 416 443 284 458 56 307 55 629 380 191 262 854 220 614 80 37 671 
942 144 819 925 495 226 617 614 682 113 297 626 522 674 606 804 388 430 461 923 978 904 976 547 995 777 197 549 604 592 171 346 
121 889 486 193 308 334 848 867 738 362 924 142 139 449 323 709 909 451 987 491 886 29 576 378 910 989 511 378 692 508 473 263 
834 633 335 176 325 824 355 565 846 315 45 817 903 754 871 373 990 759 119 287 186 350 480 368 350 118 474 820 634 40 189 799 
288 407 787 708 760 920 459 9 430 976 153 813 296 292 54 912 44 3 85 516 981 838 550 109 167 247 739 288 857 276 960 83 
939 608 915 799 586 467 322 696 403 470 258 286 120 819 378 737 580 319 687 711 543 989 709 552 36 808 759 807 480 126 867 52 
843 453 9 367 262 268 64 494 818 191 985 927 2 383 528 905 68 934 461 863 654 872 144 466 0 449 862 434 57 551 494 444 
216 393 372 707 800 912 524 186 475 918 26 255 865 209 821 7 634 317 649 7 910 661 856 545 160 234 229 147 870 35 866 880 
601 633 70 322 428 34 124 972 889 310 192 449 223 723 578 412 350 698 661 911 626 567 374 34 779 490 268 617 206 369 575 168 
984 741 225 38 105 71 18 241 177 684 2 344 781 874 669 281 625 559 129 899 492 571 887 869 850 851 139 362 750 383 464 683 
47 36 515 393 490 39 612 371 657 296 48 515 796 587 994 339 200 939 732 497 43 179 541 415 495 876 371 134 73 705 176 581 
898 779 490 88 746 687 512 916 217 407 305 696 862 460 406 393 340 780 440 634 962 382 19 371 960 413 197 616 123 530 678 172 
431 949 564 515 44 291 265 895 192 205 558 388 6 139 725 653 682 250 194 43 87 403 644 181 710 752 842 522 734 608 66 427 
893 751 684 705 983 452 359 346 30 301 599 902 111 971 148 38 510 810 624 359 743 627 719 26 153 446 818 868 339 756 481 246 
730 970 877 706 713 697 369 352 98 243 734 751 217 347 926 501 668 10 192 637 977 911 640 257 625 727 364 551 546 502 116 947 
212 756 165 144 142 322 815 148 730 314 537 574 846 420 863 52 163 853 915 382 604 402 644 986 368 149 678 467 496 45 633 330 
848 839 886 603 815 72 683 150 884 113 47 943 790 976 186 393 611 724 440 67 672 243 50 119 411 848 76 178 702 781 690 879 
881 412 925 483 264 227 69 441 804 880 514 20 15 945 506 247 259 115 213 882 480 809 680 194 259 47 893 281 376 19 151 944 
655 977 663 497 173 80 644 141 296 18 437 503 946 852 821 983 30 168 517 845 24 990 977 22 857 220 250 17 557 193 296 138 
746 581 277 673 615 421 692 10 500 944 614 941 500 428 721 743 850 973 77 795 340 455 150 272 559 192 637 290 195 108 561 333 
238 277 469 196 67 460 464 217 704 885 852 968 458 522 35 83 20 172 445 23 534 480 889 255 967 823 741 853 930 164 277 987 
509 928 977 576 207 2 96 461 604 610 491 457 80 424 819 306 224 312 847 372 158 311 722 685 201 756 593 849 683 500 99 900 
908 170 161 128 723 192 488 316 960 256 511 587 892 923 26 110 741 271 633 714 760 379 92 158 180 183 397 89 205 131 354 455 
960 190 844 112 141 403 677 161 763 855 349 369 429 689 642 620 431 168 287 163 372 82 478 429 214 58 441 350 940 49 734 407 
3 519 501 147 934 429 975 321 105 274 952 695 837 707 914 66 121 265 990 600 999 730 433 43 643 467 538 709 403 441 911 802 
828 686 613 490 486 911 641 697 526 577 777 705 910 426 594 212 688 128 314 574 837 420 412 520 475 331 537 663 593 860 954 807 
145 875 386 770 270 907 301 90 559 601 844 900 701 96 364 135 832 85 124 818 824 50 385 317 224 610 550 3 75 143 320 273 
455 281 934 427 662 680 234 364 88 187 888 805 923 989 581 835 942 728 473 709 928 963 616 186 154 500 894 622 462 71 782 278 
559 554 376 854 885 683 261 45 621 420 791 314 465 782 19 142 714 217 530 785 744 971 650 117 99 541 814 32 468 163 669 438 
458 27 827 532 891 815 927 949 606 267 932 790 532 709 225 104 368 709 931 234 245 492 275 494 469 489 30 877 865 20 815 448 
743 948 348 792 377 846 450 670 314 139 409 723 112 579 436 872 787 297 827 792 514 354 538 186 676 154 470 316 347 69 106 175 
531 656 250 160 675 174 509 817 316 345 106 588 55 611 609 755 170 678 122 39 846 753 62 991 944 685 573 871 274 746 425 354 
342 511 478 113 194 999 589 462 221 104 565 844 531 808 134 211 922 931 426 147 561 175 879 25 256 200 691 858 592 929 278 258 
585 579 493 370 814 804 58 226 573 543 482 402 905 325 182 423 316 994 573 490 183 490 593 562 437 944 633 808 781 185 650 647 
574 242 501 862 399 169 535 901 204 115 641 669 442 925 923 555 209 146 936 203 875 189 797 936 993 112 605 69 468 208 437 21 
507 596 578 480 325 788 554 308 431 821 420 168 371 996 220 162 766 951 796 841 400 14 900 725 101 383 419 675 669 576 658 774 
351 448 902 503 835 899 815 206 713 730 499 266 920 782 301 426 571 400 430 575 153 11 356 69 545 645 607 293 388 939 498 601 
761 219 580 669 426 413 9 658 553 134 185 819 54 233 267 185 956 126 535 587 587 607 149 373 530 809 916 501 75 714 332 750 
749 514 267 830 732 293 142 327 616 964 989 883 737 722 897 800 403 671 762 512 665 701 597 348 492 717 800 672 31 901 867 291 
209 35 486 314 675 285 268 815 954 550 387 968 923 105 915 466 705 654 594 4 449 537 951 367 224 293 290 940 468 637 330 890 
935 895 358 23 198 375 14 296 967 240 240 742 446 830 324 108 810 46 721 62 715 736 399 147 797 408 560 119 975 566 487 588 
444 552 352 88 297 51 803 528 549 429 572 859 7 615 344 676 674 605 566 884 373 347 632 165 392 34 64 505 690 742 504 809 
983 780 20 23 910 132 494 997 329 596 553 336 86 117 228 650 233 73 483 466 965 915 102 598 728 137 363 20 612 644 529 8 
869 33 371 333 615 336 354 841 135 564 342 763 75 694 763 581 589 1 792 832 51 114 66 447 412 441 430 307 218 22 852 130 
166 42 445 302 981 379 584 994 313 147 486 783 227 49 927 774 172 67 39 491 608 657 261 542 56 544 153 541 454 175 977 514 
816 124 134 450 204 707 857 421 644 479 499 608 107 111 0 346 348 371 989 961 983 953 788 133 316 413 116 711 823 841 294 251 
906 548 651 782 291 868 3 847 221 327 395 904 772 419 612 424 194 893 922 860 205 369 378 656 642 574 821 245 935 129 261 886 
92 783 152 736 747 512 174 159 678 993 362 747 209 338 106 625 413 212 295 908 769 788 80 115 679 195 117 433 75 826 412 495 
662 258 769 841 660 837 819 361 808 744 740 978 663 175 438 663 248 694 309 612 733 612 111 545 942 240 764 642 871 327 702 318 
136 69 40 581 112 679 446 712 32 84 527 765 538 632 810 934 346 98 205 723 348 788 703 797 473 488 366 715 806 556 447 372 
