456 126 96 341 616 273 254 176 67 509 958 50 560 262 48 819 203 305 74 445 972 742 453 12 468 756 429 487 717 225 773 668 
738 582 350 52 158 702 259 54 715 773 514 910 776 139 403 73 955 717 600 107 713 312 859 19 410 619 134 411 654 413 817 911 
429 363 190 556 657 852 383 442 863 385 362 840 284 832 346 59 194 328 18 710 711 995 927 962 788 537 941 22 640 175 386 522 
898 245 582 609 243 309 773 198 25 483 164 863 216 287 819 382 474 258 546 302 947 654 756 390 354 256 634 846 817 516 374 882 
187 826 521 762 909 846 893 322 259 939 323 402 42 977 266 880 33 56 135 225 188 865 888 333 771 183 124 954 897 268 532 995 
325 609 596 250 76 638 680 173 994 485 162 343 999 161 179 185 161 265 249 275 921 721 795 345 802 843 914 440 679 682 37 391 
309 480 990 387 379 133 560 819 289 195 700 340 600 601 245 816 776 882 548 9 248 291 339 929 120 12 556 507 888 90 149 755 
729 999 14 611 228 373 864 394 172 355 346 701 875 790 755 449 531 351 43 509 161 391 699 423 217 775 420 15 861 952 559 895 
424 281 190 356 393 19 505 612 853 628 585 604 103 5 954 31 371 4 253 973 410 715 769 55 511 146 789 158 61 947 390 383 
946 83 59 844 24 641 481 700 764 862 642 538 179 697 702 157 596 335 306 632 165 177 400 425 416 896 206 47 364 444 138 393 
981 423 450 43 154 910 234 678 707 247 193 231 240 406 520 879 409 685 831 234 842 863 189 299 554 768 504 902 341 707 960 831 
814 883 189 211 965 372 141 832 59 857 167 52 911 78 459 414 820 886 855 325 758 486 4 238 245 736 672 317 273 43 189 43 
762 48 631 829 872 253 41 911 851 64 45 462 721 987 961 525 496 587 888 274 950 727 491 228 279 54 642 485 817 868 987 567 
631 56 51 280 328 229 521 720 848 726 834 516 812 239 811 67 164 57 664 851 532 175 589 692 105 992 407 79 58 708 668 346 
791 650 333 396 461 388 469 611 382 175 426 924 970 984 208 132 975 90 259 740 192 351 120 947 436 335 652 401 580 519 130 173 
159 593 308 490 895 741 864 746 167 140 357 947 315 170 754 282 27 325 534 53 404 871 801 296 404 69 714 279 315 125 36 201 
223 93 485 718 406 733 163 400 260 594 866 182 66 671 853 899 540 913 368 932 244 839 562 569 302 568 531 233 322 11 471 524 
319 206 628 618 380 240 498 281 909 805 58 208 333 343 675 180 539 27 301 329 424 367 839 63 40 868 848 533 680 125 416 231 
504 506 500 904 381 78 864 749 647 415 570 683 291 203 610 644 888 362 100 334 156 662 437 93 713 639 280 614 14 679 596 307 
955 603 119 264 919 759 495 353 121 844 853 188 898 564 600 814 600 381 60 911 143 339 979 962 814 502 32 590 577 680 496 554 
97 351 879 822 285 862 715 963 41 50 75 292 466 742 421 386 132 76 235 44 273 514 246 730 369 743 271 711 356 108 764 660 
836 777 486 396 222 326 538 231 894 501 525 829 583 199 907 423 459 174 987 987 816 850 145 142 504 286 756 972 534 76 599 436 
547 225 921 39 506 482 960 77 834 27 415 477 282 194 808 387 553 408 499 340 395 437 502 563 268 209 37 328 583 421 985 571 
737 166 991 707 775 895 842 972 135 834 656 57 606 426 815 520 638 544 312 173 807 544 670 493 922 516 462 169 640 715 409 315 
946 507 785 220 98 415 603 260 507 900 430 831 738 935 995 285 847 714 299 983 159 21 241 981 332 502 72 642 748 185 907 179 
129 793 886 25 143 11 838 653 883 872 255 79 706 323 504 116 824 480 682 192 697 628 818 128 125 164 464 838 443 990 323 874 
153 871 303 575 537 984 743 956 862 718 669 331 269 442 121 487 902 781 335 857 408 122 340 522 667 620 83 7 537 977 312 975 
321 446 67 684 605 630 262 656 444 37 874 168 137 284 789 914 509 714 4 506 25 25 530 889 930 520 544 799 196 880 434 13 
344 522 537 285 476 169 252 72 275 404 676 443 120 788 444 504 320 680 722 592 305 799 210 926 218 311 727 434 753 89 666 667 
887 147 642 113 147 805 373 192 363 204 887 591 338 177 14 751 475 296 873 475 411 135 262 277 511 913 632 911 346 977 833 268 
734 762 704 808 406 755 928 809 65 176 29 299 111 472 670 912 770 931 242 539 161 942 668 579 876 240 816 36 193 438 779 931 
53 616 566 236 971 470 344 959 636 796 661 856 100 876 945 252 9 15 225 277 930 797 910 443 990 353 21 724 180 11 476 876 
636 756 454 115 71 373 471 950 110 123 960 158 237 797 594 567 98 797 879 624 542 612 690 428 496 66 851 341 290 326 22 865 
201 275 117 748 982 368 221 153 164 160 570 896 505 743 182 252 504 656 263 787 272 724 833 260 388 260 882 811 119 302 500 198 
687 626 121 938 977 312 442 679 962 101 568 606 101 623 768 869 278 621 693 847 403 42 241 485 463 670 515 393 835 805 508 957 
589 448 271 142 357 884 919 95 520 815 74 194 542 984 279 277 892 924 747 20 255 508 355 689 281 927 457 531 687 65 481 230 
584 812 542 606 10 303 662 114 69 17 850 750 720 695 677 96 29 468 233 534 512 12 266 980 890 331 892 593 803 534 440 120 
714 154 65 224 417 658 415 461 6 388 582 954 746 713 617 415 403 961 399 783 981 353 217 101 899 54 445 455 601 285 882 353 
87 876 779 809 471 773 585 818 892 167 444 995 23 943 994 321 845 615 873 147 791 316 731 158 830 718 499 601 60 348 965 390 
414 836 124 23 918 7 386 102 662 360 173 125 393 695 446 522 164 414 952 119 476 714 264 923 563 373 848 167 912 948 325 477 
647 93 872 989 701 369 719 174 727 237 640 844 995 797 404 756 238 923 437 2 392 487 26 853 728 165 502 781 604 81 842 371 
406 539 156 445 686 514 933 122 245 686 879 104 233 625 294 908 86 208 114 737 809 549 794 685 432 245 248 567 941 880 380 836 
722 997 595 527 678 461 424 882 18 105 225 859 283 891 662 813 32 981 227 611 58 211 860 140 85 864 478 980 480 142 522 128 
426 728 786 748 235 826 384 128 330 972 252 876 154 865 680 516 271 887 757 1 280 561 316 258 774 570 226 481 867 735 760 618 
688 360 503 388 498 7 180 405 118 361 396 297 498 272 717 67 811 38 502 143 267 26 855 156 523 463 827 438 367 803 225 851 
690 633 957 861 298 853 354 576 581 189 968 639 966 28 351 788 271 303 141 984 323 748 926 772 669 545 904 633 95 0 573 246 
343 232 9 328 770 636 660 471 705 333 520 534 10 879 726 571 619 967 457 641 216 300 326 8 967 868 414 676 800 668 133 64 
379 533 183 861 375 92 863 883 987 967 787 464 366 486 989 808 739 326 553 7 78 330 670 54 975 181 167 504 576 126 994 686 
202 177 342 197 738 751 902 820 900 179 176 598 103 828 825 775 209 721 44 618 636 584 670 476 4 209 226 300 18 363 247 478 
656 978 155 600 835 138 874 170 749 229 482 990 127 181 694 98 915 332 891 449 478 423 301 820 650 465 330 239 374 68 407 379 
887 206 873 227 895 330 601 452 259 327 59 335 312 149 985 960 463 530 2 663 642 988 617 458 956 924 753 791 99 96 41 543 
383 542 293 621 242 912 734 562 156 397 135 874 273 415 813 573 603 493 463 428 587 348 689 874 320 272 333 915 880 726 655 75 
770 325 699 926 542 215 593 538 433 159 611 932 383 409 850 720 764 743 257 140 50 824 124 965 965 628 222 591 439 265 987 336 
155 0 250 43 157 314 399 668 993 386 287 76 533 771 390 883 955 561 861 255 361 428 31 616 116 187 187 386 67 45 827 171 
189 149 887 69 972 801 158 386 574 648 813 531 83 350 313 332 779 614 50 692 950 337 138 673 657 746 221 35 485 843 421 550 
298 41 811 813 434 20 589 793 634 424 903 54 141 398 66 320 168 143 532 394 987 770 573 709 331 833 944 857 238 109 280 622 
906 771 36 43 738 655 860 36 966 236 196 301 863 450 996 179 161 399 253 832 554 889 320 762 208 259 104 826 555 147 923 417 
879 973 993 662 547 855 950 780 698 785 9 460 36 383 376 213 530 34 45 289 27 9 707 0 652 588 69 173 334 262 72 753 
449 890 842 871 144 579 908 388 110 205 785 997 628 462 259 591 208 264 738 410 295 443 589 926 518 958 361 621 668 390 552 617 
876 98 131 203 729 299 759 264 486 470 481 140 894 391 606 250 77 376 893 359 485 407 491 250 858 250 167 213 246 317 157 99 
127 344 590 760 390 634 628 258 465 436 359 858 501 813 129 485 415 496 233 917 266 76 226 25 292 136 186 148 793 838 638 618 
772 885 980 134 202 381 276 794 472 481 380 808 632 341 310 784 923 161 165 426 480 309 221 545 387 766 406 944 2 793 195 646 
653 291 324 251 50 533 681 353 127 96 689 253 166 624 1 606 640 779 847 510 543 789 609 3 622 729 993 513 902 164 166 672 
706 957 360 299 319 383 494 432 638 719 950 194 358 827 340 68 900 524 601 295 718 715 644 146 284 656 774 663 91 79 157 130 
