266 117 866 864 154 641 508 341 
587 699 817 863 535 498 602 45 
653 269 229 843 217 11 209 541 
77 760 741 721 989 571 932 890 
324 509 84 428 864 40 887 798 
175 354 364 672 610 563 836 642 
694 74 674 805 206 690 514 843 
162 553 216 431 152 738 402 947 
161 315 822 333 830 488 22 548 
18 209 351 450 229 100 5 175 
421 885 23 292 622 152 678 956 
769 45 434 772 424 386 947 27 
486 740 590 88 226 105 206 715 
745 236 392 717 220 971 328 885 
885 13 830 681 836 180 572 36 
301 513 394 508 970 143 687 574 
