45 785 278 319 564 576 890 287 
849 375 697 748 600 870 120 919 
459 406 491 722 106 767 867 918 
204 179 88 318 694 664 750 80 
228 657 410 374 716 349 642 235 
183 110 143 794 11 346 309 831 
21 698 173 343 758 952 247 936 
10 71 54 457 727 236 129 85 
222 185 876 864 344 216 866 448 
264 933 162 915 676 953 500 929 
921 439 546 513 186 241 538 674 
262 16 654 735 503 199 691 410 
715 149 241 325 725 20 94 906 
691 633 36 570 477 477 807 256 
573 298 220 371 412 457 865 291 
618 150 221 93 798 827 410 875 
