266 905 721 722 203 303 196 46 911 199 447 242 162 864 553 975 755 897 820 646 171 363 612 526 840 103 121 868 13 119 296 350 
121 768 856 679 389 648 630 150 52 436 485 239 101 299 307 872 100 952 337 688 442 601 136 485 646 175 394 75 646 704 565 986 
351 189 191 505 473 308 585 122 973 848 607 945 316 984 194 679 771 835 383 501 839 101 11 495 557 133 841 713 909 679 443 226 
309 611 334 321 969 98 92 604 127 745 216 788 40 726 412 498 196 629 454 14 12 665 996 461 235 667 556 982 91 997 209 586 
41 699 801 274 694 22 726 454 954 689 871 97 680 137 981 588 825 540 452 849 20 967 977 607 207 966 562 103 827 435 84 823 
993 207 692 877 118 875 255 503 273 355 238 347 943 258 171 614 227 921 869 218 923 668 864 622 586 621 714 456 844 852 388 621 
338 718 463 355 700 201 901 297 267 817 110 805 210 542 176 826 884 930 897 51 590 938 737 248 876 564 580 950 205 305 908 473 
588 854 352 373 897 103 674 32 721 510 990 920 205 52 704 590 132 899 569 229 548 808 692 388 102 356 14 282 683 602 117 713 
430 814 300 793 971 762 811 103 114 737 710 25 445 53 414 50 680 202 716 761 780 703 292 549 921 180 684 931 669 945 352 850 
277 8 648 974 690 607 939 687 653 216 83 181 135 859 675 461 41 948 864 311 332 508 348 651 888 705 937 670 42 841 111 330 
974 497 789 436 151 610 244 392 852 651 478 538 68 804 302 509 205 842 587 90 101 504 950 695 778 237 555 534 698 575 372 124 
869 856 318 431 938 451 587 143 0 952 446 558 830 477 996 897 204 639 903 332 558 866 174 751 381 265 173 102 727 853 919 533 
420 905 900 447 517 395 663 644 653 744 208 748 712 720 243 683 126 875 331 375 29 503 637 296 148 556 430 436 486 516 124 884 
375 189 25 561 593 647 193 834 498 107 263 767 35 446 952 516 371 312 649 439 1 358 733 579 534 583 637 720 591 248 895 574 
164 895 923 725 952 271 57 112 650 789 111 573 565 496 666 524 250 854 157 510 631 770 10 44 43 441 335 398 780 442 76 768 
191 504 617 470 883 566 977 45 984 449 596 538 493 291 896 400 350 156 115 752 989 658 145 246 929 44 501 233 62 474 190 53 
953 259 617 908 117 967 170 245 905 949 143 237 730 391 194 280 381 863 732 935 939 833 456 90 606 241 724 304 462 422 954 50 
444 893 146 696 836 181 913 626 154 108 191 53 460 766 76 145 321 89 637 574 169 519 382 242 80 463 839 396 501 675 577 886 
609 350 810 602 53 688 522 689 633 110 843 279 429 84 99 415 954 428 682 461 154 859 497 186 471 949 391 647 628 526 144 0 
528 291 377 898 532 332 159 914 293 373 875 414 957 437 435 821 802 392 473 35 588 273 706 590 559 918 22 27 675 924 7 341 
745 497 874 608 606 397 403 181 693 999 724 687 139 273 840 404 82 341 515 681 904 219 994 502 822 261 687 746 674 451 694 350 
141 688 746 122 656 648 291 632 755 723 204 100 507 890 297 568 401 338 720 894 755 853 387 321 42 256 862 179 309 504 30 624 
961 151 51 121 809 71 382 261 693 913 364 833 622 358 778 378 630 306 378 935 188 179 351 215 788 596 43 68 555 911 20 343 
294 336 304 885 574 228 935 681 791 857 560 673 274 951 232 971 894 660 811 805 825 492 657 297 712 532 104 24 259 198 421 580 
414 503 607 962 501 994 464 107 533 971 525 946 694 240 451 619 991 419 94 498 143 374 311 815 282 86 866 47 950 784 136 35 
162 392 670 731 817 205 972 368 387 939 875 157 360 611 768 886 826 937 884 780 162 404 531 291 307 213 128 181 660 922 872 401 
475 755 132 493 300 735 952 898 636 642 569 580 148 805 951 117 85 601 561 701 111 774 73 353 375 35 526 624 818 900 475 266 
292 660 480 811 419 55 461 455 390 522 122 99 441 957 906 687 897 698 197 729 874 140 136 52 337 953 921 454 232 35 842 757 
275 942 359 49 91 402 42 921 847 859 839 619 769 414 121 971 966 541 637 369 333 573 501 317 157 769 836 488 278 979 2 46 
776 202 285 992 612 745 177 57 67 595 330 247 937 725 282 422 906 966 59 132 185 308 212 761 139 733 540 355 430 769 211 211 
290 737 783 788 823 282 521 606 553 68 22 178 120 659 683 887 815 867 716 759 69 246 604 331 337 343 539 361 371 257 558 153 
336 274 514 508 697 991 803 386 624 236 402 111 681 708 300 275 260 938 334 68 507 520 415 641 56 927 810 127 275 980 576 849 
978 515 530 527 81 607 194 711 891 923 471 880 813 164 408 695 576 553 813 419 815 439 379 388 805 694 318 992 506 398 156 18 
167 866 15 289 338 586 834 957 554 571 584 559 388 847 164 879 228 751 342 397 967 382 104 605 323 507 680 610 782 327 340 974 
831 513 473 672 967 823 435 296 797 57 437 650 338 76 654 214 748 712 375 914 835 564 969 365 439 484 525 789 653 338 199 899 
644 663 685 828 550 109 85 201 769 616 43 716 810 711 370 28 410 632 296 24 722 291 525 475 363 376 106 840 44 921 793 297 
741 262 31 414 265 82 262 174 123 684 485 17 153 285 262 589 155 715 437 690 801 213 908 824 283 525 930 695 722 972 133 628 
624 20 373 622 874 64 24 67 765 845 181 898 982 22 6 921 955 339 235 453 314 792 385 131 203 283 193 24 504 639 833 221 
918 954 813 891 803 296 106 303 149 210 822 219 84 250 190 353 794 821 53 426 44 755 437 311 594 685 66 710 22 342 288 217 
270 299 739 340 896 308 68 445 888 223 459 189 360 815 33 659 722 450 45 880 902 28 577 822 485 476 700 284 450 980 417 437 
171 122 316 30 783 465 374 248 420 644 466 661 326 376 566 654 362 736 129 239 288 11 695 409 287 154 434 792 562 586 447 473 
609 480 521 523 622 184 322 119 788 115 973 186 751 367 251 117 866 560 935 942 270 8 900 621 916 559 625 298 441 675 937 551 
395 925 963 911 167 230 790 375 852 670 851 811 166 472 603 69 628 679 876 193 721 575 308 455 642 301 730 512 225 780 220 807 
365 500 252 898 870 492 533 383 669 15 493 965 556 449 849 736 6 948 287 623 693 150 181 748 571 338 534 951 334 978 392 537 
856 637 106 442 784 277 8 941 844 574 894 812 676 813 698 189 913 317 637 876 924 127 985 392 480 594 561 785 895 215 504 197 
537 191 859 897 138 300 36 722 543 21 227 975 168 771 956 697 379 952 253 468 918 966 930 714 501 633 304 536 468 545 558 808 
116 62 385 824 525 408 405 595 941 16 287 768 287 476 186 256 780 120 308 226 98 313 846 964 106 525 403 900 592 215 212 531 
947 199 77 521 583 544 680 375 421 966 680 496 412 334 46 433 27 1 251 658 904 732 24 99 421 960 621 645 377 955 13 88 
212 485 18 187 690 96 919 815 814 809 333 731 337 132 934 438 651 549 877 276 856 320 558 609 186 434 434 453 606 886 915 166 
748 159 964 683 725 496 770 712 836 397 761 74 669 416 669 356 295 897 740 99 748 535 717 797 640 419 268 281 942 124 167 790 
765 114 222 847 751 507 32 342 737 107 307 897 516 716 831 706 963 603 767 550 190 5 212 473 895 617 665 560 618 351 432 456 
767 667 743 334 601 809 87 267 112 953 224 562 787 938 73 766 795 273 493 575 588 333 414 820 332 717 741 365 784 514 494 703 
198 405 687 66 698 917 523 706 256 769 120 238 765 906 549 972 7 96 396 519 237 468 484 794 630 895 591 943 256 323 426 327 
391 552 540 948 83 363 560 703 331 214 581 371 766 878 687 411 80 897 40 282 955 503 129 54 189 142 289 201 430 600 32 493 
569 192 42 814 815 826 555 427 868 801 781 659 424 784 624 40 757 949 265 214 77 485 917 838 13 921 582 50 626 846 981 55 
975 107 433 467 494 582 191 469 753 145 578 77 819 835 805 96 417 833 357 796 812 19 991 784 687 493 713 826 758 894 426 139 
30 381 36 840 622 371 782 272 705 680 332 916 669 709 156 306 953 562 357 235 935 639 926 897 68 928 702 461 606 97 901 323 
582 936 334 213 715 95 166 149 407 863 60 983 590 687 224 225 878 653 567 73 512 261 925 12 841 342 275 794 475 804 233 386 
125 502 846 929 362 965 343 841 815 24 191 405 359 113 118 266 794 829 792 938 699 359 960 932 463 677 96 765 974 643 942 865 
96 819 121 219 738 676 478 982 908 372 153 911 313 783 31 656 368 845 684 388 833 128 686 313 933 378 938 937 85 609 151 552 
947 274 309 210 28 346 514 102 3 234 756 178 938 91 635 68 66 531 940 716 113 472 294 705 471 351 249 418 806 160 524 896 
180 119 356 276 972 710 609 246 591 805 767 332 580 767 494 847 694 718 939 428 399 397 29 685 253 95 220 130 681 69 927 105 
663 746 718 694 20 319 394 158 555 738 331 562 708 524 625 768 286 618 282 253 991 559 86 945 133 49 501 921 925 34 102 354 
925 802 643 109 882 514 185 227 989 658 542 85 148 304 34 560 22 112 460 180 806 261 661 209 46 685 799 50 363 892 877 494 
